16
3057
3549
854
1245
3030
2806
1657
3665
1259
2648
2830
929
389
4498
2518
2231
2152
2921
4992
3107
4635
4757
3043
2640
635
2802
2774
4267
900
403
2871
14
3629
4934
4746
800
3626
3743
4050
1573
322
722
1044
2217
1419
3358
2944
2038
4727
699
2800
4554
4522
233
1567
2599
3937
754
4541
3805
1727
759
847
281
65
4691
2603
32
3079
1045
1553
3516
4016
3304
3675
526
1575
4771
374
2749
779
1788
1076
3277
3195
2735
286
2130
4240
3876
16
2769
1455
702
1625
2567
3318
1418
1062
4391
4065
3713
3854
1376
2979
1057
3097
387
1007
1911
2473
897
2485
4058
2401
2472
643
2723
3911
1006
2803
4002
3204
3085
1428
3196
3095
2732
2183
2599
1015
2771
227
2805
1792
3011
1994
3509
3230
3971
375
3764
2258
3914
1173
3503
2494
157
3681
1768
2147
2480
1351
2283
3069
2100
431
1857
3319
2560
3011
4239
3743
41
4566
2201
4381
4793
2105
3054
4726
4258
4498
2979
2489
3671
1386
2536
1180
1214
4651
4381
157
4149
1220
2572
783
1884
2288
2603
3547
391
1212
2089
762
4667
568
676
1695
3584
1237
3141
4898
1439
1311
4361
1704
1577
1677
2008
4058
1343
2836
2867
4915
895
3555
422
1563
1260
2466
4565
2248
406
2997
1185
2416
2506
3641
2228
3364
1310
824
3091
3120
4426
2568
4239
1744
3724
2905
741
1184
1798
2832
3552
435
3046
3142
1009
4407
4533
2821
3951
583
4914
1845
1817
3831
816
3121
987
1682
301
3306
275
2680
3410
2187
1
1910
3326
3373
3695
1763
4638
1396
3088
3688
4548
4789
343
4692
2924
4384
1383
3013
2371
4050
4489
4154
43
2157
681
1400
4545
2811
343
2262
721
736
2054
2644
3457
850
771
3871
3919
4762
3617
3339
4982
3460
4122
3049
552
1651
3808
4521
1268
2851
1503
1970
597
728
1776
2064
3737
3531
4281
469
4300
3987
1476
3012
3270
3289
3680
1993
179
4705
975
4161
2784
2616
2085
2644
4651
2901
2541
1321
444
4823
4329
967
3127
4190
3772
472
298
1839
2256
1358
4316
4529
4137
300
25
1329
1695
1791
3902
703
2547
1196
1973
167
3209
1135
1308
1006
524
3259
1601
1200
1958
4154
1193
528
515
4229
2684
3950
3396
1963
111
3938
2965
4450
2468
4459
344
4535
2824
4899
769
4244
310
4366
1313
823
3545
2690
2383
1458
3349
969
4330
3779
2791
102
4456
4354
884
301
1859
3396
3783
4977
3251
3021
3176
3230
3453
236
4606
1487
4845
4165
2089
4205
1885
4085
2735
3169
4490
3744
2427
2273
852
1023
1430
2545
2855
3482
1801
2611
2300
1609
3391
3509
2546
2704
4188
3228
795
2195
1509
3126
4647
2555
192
177
2435
3654
751
2942
4595
2773
1285
2857
2604
3366
4691
2997
2904
1256
846
4676
864
1234
1611
2161
4812
1466
2386
3051
3147
299
699
3863
3393
3232
1000
235
1172
3546
4556
808
4344
1137
2743
545
2309
2806
2362
2454
3424
838
2551
2352
538
4104
2629
1477
4617
2087
4875
1484
3890
4093
2500
1792
2056
2031
1006
4963
1499
1079
4330
762
3174
3947
655
1642
913
3017
3084
2382
547
59
2170
3555
1336
3010
4401
4084
2783
3806
1636
1003
1530
510
2845
297
1440
3809
2845
4835
521
540
3743
4258
1987
1240
4920
64
1438
742
187
2953
1985
191
4362
1882
2586
4992
3025
3148
2283
1639
2166
2104
2180
1900
1932
4395
909
2049
29
2253
1552
1588
234
4591
2024
2245
4067
1923
2227
1190
4468
4584
4800
1713
2179
4768
2030
4025
812
2656
3358
417
3913
297
4732
2878
3502
2697
1668
876
1068
2090
3070
2505
2185
4583
1970
1296
595
4303
1703
4941
3341
3967
4486
1427
2679
3724
644
968
3883
1517
4301
3977
2004
4669
433
4460
2079
3335
684
3993
2614
2103
4060
1814
1406
1709
4393
59
3153
4642
2848
2769
3291
2726
1417
4793
962
1036
2694
3686
1471
703
4153
4036
1592
190
3379
2956
2158
4513
2460
2232
292
4778
674
541
2486
3464
3814
4830
1927
4065
2005
253
3484
2143
694
2915
4600
2459
271
3223
4122
551
1175
1518
3564
2332
823
862
2791
3717
2863
1061
4171
1204
3889
923
2890
2383
2480
2755
2430
765
3062
3660
1659
2820
3044
3078
1545
4855
4219
623
2831
4466
3850
1354
653
1220
1320
320
1900
2315
1734
676
4683
1351
424
610
4484
3492
1033
298
851
895
2011
484
3262
76
1557
4434
2269
3136
839
1683
4629
3389
1094
518
2761
1971
3743
3881
4174
4103
3682
4870
1188
4449
699
952
4034
1609
918
3725
1726
2057
2035
41
3842
1861
4808
3947
4382
2283
934
3340
2571
4942
3515
325
3686
403
1548
1153
3217
2251
968
848
2692
4243
1446
2497
684
1251
131
1798
2464
2110
4839
37
3890
4427
2952
1957
116
4843
4315
1688
582
1802
4276
4314
4956
1439
1434
2394
3828
3823
4922
3225
3382
839
4698
2402
3261
3657
876
1812
1073
4678
3733
165
2389
4953
1238
3965
3553
4711
1502
4753
2474
4019
2270
242
1377
1629
791
2265
1216
4651
873
1929
2580
4937
4194
2533
2899
2241
3205
3935
2927
4914
198
3135
4745
3069
3421
1799
43
225
2686
998
3082
1554
1574
4933
904
2383
3653
2427
3633
4931
3783
816
3418
3584
4646
2536
1884
3087
4586
3206
3155
2934
365
880
1846
576
1910
4820
2941
2882
1183
2807
2787
1130
567
3949
2203
4774
3026
4125
1251
1611
742
103
4691
2676
2452
1717
4776
1272
3755
1710
1415
2052
907
285
2353
3269
3846
4341
144
3237
3393
3046
2373
4771
205
1289
2367
4565
2542
1321
1310
3036
3222
3369
1547
3570
4166
826
2715
3392
217
2021
4882
1620
4869
1212
3379
4332
1847
365
4439
2721
1071
3967
3920
4640
4605
2200
4849
177
3644
2112
1193
1520
115
2382
453
1404
2583
1964
4365
1326
4037
3154
3606
4576
2093
3247
265
4360
3077
3070
1598
4861
3863
4182
2010
4284
3443
4743
1413
2957
561
947
2071
598
3714
892
2511
4718
2514
2023
4139
3718
828
1219
2675
578
456
4997
3784
4630
1344
197
200
2567
3485
330
4980
1577
314
2305
1561
1755
492
2935
3553
1591
1724
221
1704
1381
1579
869
124
550
1933
3134
3833
4019
1140
908
3693
2552
4893
3155
1215
2253
3220
933
1950
2979
397
1110
89
321
1290
3117
325
3411
1551
3056
3911
52
2389
3049
2034
2195
3105
161
289
3155
3253
3250
2491
4968
835
3248
2503
622
3018
4779
3414
1604
3095
4184
3260
4909
2275
4982
138
2390
4694
1131
753
3750
1465
725
2616
4735
2218
1375
1732
830
1144
633
2852
1578
2528
689
2860
2308
2796
1173
3644
1223
1078
2250
2328
267
1950
713
3182
2419
2449
1383
3489
489
1750
1730
4761
659
3969
1125
3404
2265
1430
3613
3130
2872
4305
244
4825
1217
4129
3252
591
901
3256
314
2414
4256
3542
2939
69
2528
4085
98
521
4531
3670
165
2802
890
401
1063
2509
3757
3026
1368
3116
3551
3953
458
4061
3803
4346
3937
3656
2455
766
2320
3564
590
3599
4344
2579
4719
819
4664
4984
979
2472
2844
2005
3311
4296
1911
3410
1896
1235
1848
2339
1153
2871
732
3174
4482
2651
3538
2435
3349
2965
2271
2581
4893
2566
1679
3802
4937
3060
3667
3824
3609
968
2701
3081
4813
687
4604
1639
3113
2698
3837
2844
113
2735
1552
2684
2733
2238
1786
4361
3630
1054
4858
3031
4290
3777
4220
1999
3670
2961
2743
4298
2310
789
364
1034
1836
2707
2955
3345
4591
4797
2114
3005
1855
4985
3438
1522
1367
2691
1987
3682
3780
615
4679
3435
2985
4991
4560
4965
3662
4028
1988
2561
2556
206
1152
1305
4903
1706
4457
162
3286
1265
2987
3975
599
4864
4735
85
2700
4355
2364
969
3304
3781
4312
4350
1410
1336
884
1362
643
211
3449
3811
2683
2094
1066
4849
670
4125
2119
3668
701
831
3285
1144
4152
2097
2872
2341
2643
4753
1905
3349
4706
3966
4680
3416
227
1681
1549
3917
274
623
4828
2065
2516
481
647
4525
2649
4125
1866
3846
3018
4747
1490
3830
3554
2646
995
4301
682
3309
1319
3775
240
1738
3919
2105
4844
4072
1433
2646
4532
924
3455
4170
205
2884
3163
1227
3746
2056
430
2824
142
2443
2457
3537
3616
3962
4432
3650
1730
1207
1077
2613
2466
2293
2328
3945
1251
4947
3119
2325
3485
622
48
3251
952
4190
4710
1707
1259
1112
2425
3575
1022
4649
1601
4385
4616
4011
1445
3395
1038
4097
2670
1944
1908
608
2707
4855
978
1792
3740
942
3170
4998
3235
2991
1577
4367
3496
1042
138
1084
34
1252
1681
3100
681
4731
4942
2001
3997
3670
2671
1248
2371
1046
2506
991
1070
1518
1825
3990
359
681
448
3968
582
2172
4421
4126
1504
159
4203
3165
3291
1245
4280
339
434
3938
1349
379
1324
4789
3706
4710
4574
4381
2564
4593
555
3412
71
2497
1612
1407
566
3045
3417
1642
4884
4593
2264
3131
3768
3033
3856
3728
3179
2054
2515
190
3328
4837
3107
1171
4410
3974
3329
3612
2765
1695
165
2672
1816
1846
1822
1142
1589
2353
3122
4748
2144
1081
1767
1049
419
1331
2940
3335
4361
140
364
728
804
3120
3404
3882
3440
2082
879
2650
1739
975
702
317
3639
993
1401
1101
1580
1850
3488
663
2179
4058
1379
2847
1977
3573
4722
888
810
2052
1652
3200
3584
4953
988
753
1213
833
1970
1668
1805
3434
9
88
3110
4988
1851
1355
4433
1204
4223
215
107
1421
312
2153
2202
3325
1842
2331
4136
3923
2464
2147
785
1291
3191
2589
4174
1733
2362
1321
478
1616
4664
681
2217
4022
4956
845
1715
82
2495
3171
729
491
77
1485
582
3640
4705
3994
694
2876
4622
4521
884
4977
3239
738
4609
4578
939
4273
572
316
4008
2784
4305
4617
3932
521
3984
1025
4255
2159
2424
3061
2421
1264
2448
1212
4346
1321
1765
3210
4498
2268
1431
770
4700
439
158
1464
1940
285
3885
4112
1968
1219
611
2587
1539
4448
326
4268
2283
1982
4827
2055
3462
3184
48
3236
2563
4705
3628
1782
2783
2620
3432
1713
4894
4853
2144
790
4059
3031
556
4753
326
210
4311
899
947
1564
3453
1531
4566
4744
276
1416
3353
2906
64
1737
4692
4265
735
1085
492
4368
519
4838
1838
4826
2285
3575
4550
1270
362
4929
4679
3918
2355
3491
88
3626
4481
4474
401
2326
3081
4753
2332
3056
613
2975
1646
1306
2194
3625
1227
492
2883
744
1789
4419
485
505
2094
1463
326
473
1609
966
1120
3727
993
2521
1791
4014
2276
152
943
3048
526
2299
1614
3811
3320
361
2344
4787
2007
3280
1947
4316
4295
2753
718
222
149
4511
4431
4344
1658
3555
3410
1143
4900
4904
2801
4554
692
4348
2013
295
747
3355
3355
2523
1831
1322
2098
93
3111
4550
4449
607
2596
1675
2540
3821
1577
316
1727
3678
3459
4603
2864
4521
861
2608
26
293
2497
968
1110
3438
2292
4946
4699
995
4629
3775
1315
4496
1446
1984
4955
129
1462
1970
4424
3968
4184
2597
1520
2839
2319
626
1460
3964
187
4120
1211
2626
224
3477
3416
1059
1683
3050
884
2388
1787
333
2164
1936
2769
4949
4508
4262
3437
705
3823
3503
1628
3802
3792
4504
2031
1215
45
4012
2339
1259
4285
3968
3587
2114
924
891
4810
156
3374
4190
4751
90
488
1622
1509
2212
1313
3359
2724
4704
1943
3746
2461
4988
1548
4580
1046
1989
602
881
2345
4655
3627
4559
3439
779
4919
85
4281
1182
1163
4266
3475
3321
3511
4674
2577
3135
4636
3370
1837
1974
2034
478
1416
1700
2934
3545
801
3503
4835
4124
2542
4251
4735
88
1892
4858
2446
187
2854
4670
2916
245
4023
4162
292
3925
3995
3363
3433
912
3309
1005
3719
569
776
3121
3907
1205
2747
1847
1323
4714
2486
4505
4045
1626
1009
822
2829
3684
2477
2016
2419
396
2946
2468
2575
1176
481
2237
1838
3423
3803
1883
4983
27
3808
4732
253
2759
3216
4677
2216
303
1273
2479
4495
1530
503
2894
1616
367
3140
1567
386
1142
1103
19
3496
973
2645
2346
1340
3000
4256
622
3300
1883
3682
4302
3144
3093
501
2010
279
2513
439
2153
679
976
2682
738
820
4621
2970
1550
116
3596
672
3478
4814
528
3953
4703
1100
1949
924
2838
3174
2283
1219
4251
4637
4058
3438
2218
4318
2873
1291
398
1073
1962
61
2139
146
2640
946
2779
2395
1761
848
634
4715
2107
3919
4154
586
3146
1947
1932
4732
2934
484
690
3290
617
4029
3103
3483
3420
429
2445
4142
1477
1479
4633
1036
474
4322
2362
1184
740
3017
993
988
2741
3613
643
3534
4264
4683
4842
947
4629
3545
1226
2169
3346
3404
3128
4766
26
3774
322
2986
4311
4447
1120
984
4891
4720
3734
3493
1084
1025
3381
4135
837
3837
243
4575
942
1671
4303
3156
2755
4775
2607
2976
4484
4291
4468
59
2520
951
29
1795
2277
4852
3187
4453
4986
2845
2736
4498
1633
1396
1199
2817
757
3733
2997
3491
2229
108
2229
1440
2320
2421
3228
536
1388
3564
3400
4431
4386
672
4474
220
3963
3029
4812
4988
1305
3601
687
1110
4072
1061
4126
698
353
40
4623
1815
4578
1426
517
4728
379
4726
4545
3741
26
4612
2839
4769
3786
1921
3697
987
3090
4464
1260
464
835
3151
2293
1089
3832
834
3886
1030
3351
3687
4120
513
4123
492
525
341
2415
3788
3303
2196
4057
4189
1054
1583
3410
1382
2378
3608
4308
4086
2864
3704
3919
4095
4140
3641
4497
2361
557
2053
3837
56
3515
4517
3532
3280
4474
1114
790
4391
4305
3497
3445
4908
3911
4648
4014
3436
707
3077
3071
4182
3791
3213
1342
2219
2540
4923
4575
3673
4967
2345
3922
272
3517
2787
519
3886
4243
4
3630
1075
2061
168
2970
2661
2104
3162
4265
3344
1515
2283
2136
1173
4356
4330
4740
2701
1245
639
4279
806
1180
685
311
4314
72
1058
4216
3712
269
1838
3064
3399
598
1244
2722
4828
3554
1459
846
1439
485
454
3886
1528
1777
2470
4743
2163
4302
265
4312
4753
454
2705
290
3003
2726
1709
3934
3852
4351
2370
4716
1374
95
386
591
1182
1284
636
769
1762
4704
4383
30
191
534
669
461
3716
341
3576
1762
4318
161
3928
4177
754
4799
4791
3205
856
4162
1891
371
3882
2500
3748
481
1968
1662
4000
2163
3978
4601
1134
3355
1230
431
3412
744
1737
894
3693
2436
318
2134
3070
1136
234
3516
328
3123
4395
1274
519
2390
3734
4179
798
3725
4832
3089
2526
1863
2483
3475
3775
498
2797
3615
4849
629
2529
455
3090
1900
1032
3194
1264
876
3708
1836
4097
2533
2195
2113
563
4053
2687
494
2758
163
3703
2695
91
3930
10
834
2433
2677
427
61
1895
3850
3051
2788
2313
3952
380
3306
1594
2847
1193
1159
20
901
723
3560
1884
3809
4993
3362
547
3617
2334
2741
3485
625
3143
832
1644
1695
2691
4905
2402
1912
411
3653
184
2244
4715
3760
3712
1330
4746
2021
2689
356
2951
1212
4879
254
4726
4112
1062
3593
182
4684
1968
3224
4493
585
1470
2812
3386
2972
3748
4349
3183
3096
2264
774
1523
2251
4153
453
236
1661
2128
1538
903
2130
537
3724
1098
406
1986
1878
2092
341
2082
332
770
4640
1677
4787
2421
315
884
710
3183
522
3079
2657
3856
4198
1223
2193
809
3082
4469
2808
2904
3362
3000
3453
106
3243
57
1666
133
4028
2519
487
4274
4938
3651
3659
19
4037
659
4839
1234
3480
4236
3798
501
4202
1701
2383
3558
1422
3118
2557
1729
2435
4973
2369
519
3614
4241
804
339
104
3769
4434
2365
2866
3660
846
934
2365
4958
1139
1007
1451
4031
2020
3929
3154
344
4879
3872
4209
362
1351
1336
2870
4582
4947
1094
1885
4296
3768
275
4944
567
3719
4431
4274
4979
2045
4246
3370
1355
4513
2135
3860
2390
2767
2059
3758
4707
4345
4271
1374
2799
621
3245
4007
3473
2017
2541
3534
114
4143
672
3938
2257
800
2982
1072
3372
1693
4141
4614
727
1138
4070
3272
3362
4214
1621
4153
2992
4749
355
1251
747
928
278
3693
1830
4965
2714
1908
1261
4085
2174
2739
221
3467
2583
2780
4077
4274
3920
1935
2033
3933
2709
1116
325
110
203
501
490
3312
3737
1035
4957
688
1667
4072
1734
414
4489
486
4251
2634
3048
1862
2010
3484
1162
863
3018
419
2083
3784
4506
2338
63
3587
2123
4869
617
3573
3559
1651
3962
1744
799
1923
2277
3808
730
4545
4076
455
416
1676
2440
1717
4283
2823
4381
4677
630
1322
3302
3663
3340
920
4901
2720
3649
2321
1539
2868
796
2241
2039
2398
1920
958
3200
337
2752
3829
1005
2192
4432
2100
3538
831
932
1080
2810
633
3649
4525
2546
103
631
2882
3883
492
3302
2558
3746
1401
4474
1736
1647
4283
4560
4872
4313
3785
2014
1114
2640
1756
79
3877
2302
3876
4855
679
1377
3352
457
1650
4188
4812
4900
4621
2698
2361
4584
1825
3839
4298
2302
4257
2670
555
2089
2471
2842
1822
2211
4488
2291
4504
3368
3002
4498
3071
3188
1282
293
1591
4248
4156
1396
4616
4172
4429
1032
4055
2764
1447
4856
1199
4196
826
2160
1705
1395
3085
723
79
4929
3813
1051
171
4989
4933
518
503
4575
4281
1388
3174
4845
305
3928
667
2992
3441
700
2450
738
3474
1280
4072
2769
2265
681
578
3481
3240
4957
3142
2942
1590
738
3497
4594
3037
3549
2040
2203
335
1923
2156
3623
2478
3638
738
4612
3938
453
4646
913
4804
2515
1585
853
2323
563
3326
1875
4908
791
3570
2194
715
710
3230
373
623
2866
1492
466
2742
2303
425
3424
851
3795
4882
373
1669
1759
4962
2459
605
2228
2522
836
4943
545
4875
951
2698
4212
962
4973
140
4895
766
1415
4645
966
4966
2815
4243
4724
2978
257
763
4387
4316
4074
3345
121
1151
940
5000
1304
4321
1969
3244
1451
214
1610
1649
145
2724
2890
1330
4112
4298
4778
3477
2829
1462
3150
1739
2366
2003
2454
1066
4780
3364
1431
3354
4309
3727
2614
34
2617
616
4654
561
4371
3352
732
2439
3567
1191
412
2153
614
2864
4653
1980
624
4209
2579
1851
2855
2800
4173
3411
2331
2144
2092
1482
1842
3490
839
4996
1381
2629
1340
2449
3921
1871
1289
1281
4718
585
3850
4834
2183
870
649
67
2129
3782
1282
548
1658
379
868
4350
1991
1704
1923
4251
422
894
3832
1762
1885
2841
4584
3473
3089
4147
123
2601
1547
3918
898
2051
3665
4862
2441
4079
2661
1155
4268
2374
982
486
1531
44
4621
1652
1934
1445
2381
113
3351
4195
506
4573
5000
4312
2504
753
783
4924
2549
4497
2266
4196
3401
207
3647
3864
4707
2043
2051
749
442
4340
3784
951
3261
1949
2036
4044
1111
1447
4730
915
2602
505
3640
4286
4329
159
939
4202
1004
2846
3193
4832
1335
1212
1845
3459
3817
2952
3547
1511
3942
2824
4900
396
4771
2830
4374
4767
1181
2622
13
2195
4567
773
3312
2925
2776
4897
3363
1576
640
3532
4349
3595
1750
3251
757
4581
3565
2896
1186
4398
3472
819
89
3049
1108
663
1975
214
3101
4969
4464
4712
4321
3705
184
1270
1486
1807
415
3206
3080
1435
2804
709
2060
632
1581
984
4337
873
3364
1474
2426
1441
884
4870
3397
3752
2650
2750
2335
1807
4429
4767
2955
2335
3532
4743
3917
4389
4164
4929
370
2268
1257
3023
1079
4109
4658
2772
4214
528
1867
4165
1275
1725
2417
4195
4352
4868
3655
2055
2881
731
3305
1264
4775
438
977
3643
263
1688
749
4763
2157
1629
3827
810
3570
4307
4879
2020
1550
4212
2634
4239
3815
1776
4883
4175
2823
164
3250
82
4923
3092
41
2381
4998
1556
2486
1490
2563
274
3435
1741
1169
967
446
3710
1071
1490
1729
4580
1099
4249
2406
4736
3341
1742
2152
287
2855
4378
2232
986
236
2317
1710
738
400
2028
2997
3605
1531
1543
488
2218
152
558
3428
2432
3256
3530
4042
642
4289
1698
651
4350
857
578
4519
4221
1476
4915
571
484
3730
1395
926
4686
1423
178
158
2705
825
3627
173
4043
1839
1322
3596
3824
2556
245
1616
4471
2129
3336
3025
4046
4509
205
1827
2854
790
909
905
4274
3115
1266
1531
595
4289
1166
4638
47
3921
963
2422
1666
212
4243
1526
650
1690
3732
2538
1448
4473
4785
1105
457
3394
3286
4252
3238
629
4737
983
4274
3044
1439
1279
2209
3512
2117
1110
2031
2496
2209
867
2993
2021
2154
1019
4344
2932
4079
3025
716
2529
160
839
4281
1333
2990
4184
163
2106
1687
2670
4160
4423
3241
3655
2477
3803
4483
201
1617
757
1829
1236
4740
4104
206
4590
2205
3333
1761
2144
4668
989
1595
809
1322
4114
4995
2837
559
1700
2601
572
1940
706
3438
1555
787
2526
3513
1496
3454
713
3935
334
2624
3504
3562
2807
712
3578
574
2837
2340
866
3529
2340
83
4965
1812
3669
43
4031
2672
1739
4626
1609
365
742
1830
1838
1565
3047
1548
1285
3767
3024
1798
4260
2118
3564
3381
2164
455
2033
1389
824
1073
4086
3123
2545
3043
1340
2007
1951
3046
3291
4463
595
4657
3201
184
4067
4454
2707
1190
1637
1521
526
2474
3096
3918
2800
3326
2972
2053
3020
4910
1048
2999
3453
3365
3365
584
519
4510
553
2287
231
3180
4204
2303
2020
4177
1873
3378
1578
2847
4275
3355
3731
31
4288
4369
2512
3926
1225
4628
1990
2893
1386
4571
4576
3085
1842
3579
871
1381
2667
341
4495
4327
1458
1599
2176
3870
1592
110
44
2068
174
622
4696
2598
1603
204
1929
3427
2254
3322
1662
3960
2396
2114
2892
4284
1808
858
4681
1094
4562
534
2443
3834
2867
3320
4001
4903
944
2635
533
4100
1021
382
4513
3361
2602
3013
1947
2306
4850
2054
1672
760
1187
648
756
1104
4719
4258
2417
1369
3564
2060
588
1339
1213
2223
520
4310
3753
3383
747
665
1787
1733
3480
2413
517
2296
3855
104
4673
1090
1182
938
3637
602
2606
1205
1754
3662
2180
1973
4675
2856
4977
2016
1672
2053
3500
2098
1287
3755
862
3208
69
4240
4483
725
3538
4250
3331
284
2091
1052
1816
1674
1015
2858
3549
1314
3700
3548
3787
4093
4798
4033
2996
2801
277
2875
604
3889
3397
1775
3311
4259
4187
3143
4843
2289
1920
3624
3998
1155
2395
889
2180
480
1229
3745
4462
3968
936
159
4845
3049
2044
3363
1469
2046
4675
4283
2308
1694
2404
3600
3026
3725
4790
2929
3651
879
2809
2853
4959
4259
2063
3756
218
4329
2350
2463
1389
1808
3818
1802
2929
3908
11
358
3792
372
2084
2361
3721
3172
1578
228
1527
1159
1734
4873
3021
4244
1965
2673
2182
4944
4741
4138
3920
2632
593
4685
4340
657
37
1053
4852
4254
3020
4305
3973
2763
2286
1111
2913
1428
655
4308
699
1553
2295
2364
116
296
963
1248
1045
4079
3596
2594
3544
537
2059
2680
4861
2043
354
3368
1655
2476
4387
1480
4849
2963
365
4710
2456
1463
2891
2873
2757
963
2375
885
3924
592
2382
2706
3844
3091
2246
2704
852
1811
27
985
2388
190
2969
4405
1526
2205
4069
947
3455
2704
1040
2565
2583
1724
4536
3249
1608
694
4268
3172
1945
4860
3846
963
4898
3348
1827
4589
3685
2917
3282
1007
2248
3163
942
202
761
1173
1991
527
4356
3273
1861
3556
2583
3495
598
1868
383
4939
1927
2258
965
4182
1766
295
2895
1326
4416
4351
855
2701
3080
1849
3435
550
1154
4014
2686
2794
488
2660
4309
2367
3419
4183
3617
3441
846
651
3878
913
3967
4569
2063
808
2533
4220
2718
2696
2430
3169
2522
1262
3074
3084
4292
3313
223
981
3313
3697
1030
1900
1769
965
2921
191
3557
4481
2476
4773
1534
4844
4789
999
3652
1038
3847
466
2004
4661
1950
320
2921
53
426
4346
4885
2592
603
2398
327
876
313
4445
3610
2805
2389
3569
1230
1988
1737
4657
4837
4319
4083
1772
593
2979
393
2424
4458
4719
3173
1584
2825
797
729
3518
4247
3210
2981
265
2808
1396
4901
4031
753
3092
3962
3697
3620
1484
3363
2902
2325
1257
3432
1386
3321
3179
3627
4622
941
4254
4756
717
2605
785
1901
3831
2702
552
4929
4243
858
203
2284
1082
1864
2050
3585
1965
1041
1329
1042
3006
1297
1700
1038
3524
380
1136
3377
2535
1606
2581
3098
1177
1675
2579
2985
2969
1335
2870
2487
3911
3528
187
4391
3956
3689
63
2750
1498
2457
4708
964
2655
4549
2235
2339
3402
1867
2118
4655
3391
1667
188
1794
2830
2552
838
3300
4482
2586
2679
2058
4175
1237
3666
242
2419
304
164
3484
2265
3956
4783
4378
601
4015
2398
2741
247
187
672
4098
2493
661
4717
3105
2689
2383
2140
735
4539
1544
4018
46
701
284
2486
3880
3473
2679
4542
716
3258
1678
2972
731
3893
2764
4497
978
1027
2663
3037
254
1211
4051
4467
2482
530
1205
2956
1952
133
2919
2063
382
531
4785
4293
3591
2909
2547
3013
239
2024
3352
1173
2250
4563
1251
4567
3210
705
2579
4437
3019
1252
3035
2522
1306
3818
4543
1255
4730
1649
158
3638
3834
318
310
1132
3737
4423
324
4058
4643
745
301
2686
2620
2802
3913
1539
1708
1866
3182
3539
4339
3444
1164
2932
3960
255
3097
1475
2356
4234
3521
3569
4683
2201
109
1982
567
1161
2553
3936
3590
1317
4796
289
4719
2913
513
2171
1996
320
769
4824
622
4886
4729
3770
3390
2497
166
3668
2706
4518
1807
398
4295
289
2615
3215
3247
4306
4735
286
4190
475
2411
4230
4102
388
3195
990
3350
63
646
4603
813
1434
4245
3587
2002
2098
378
170
2269
1176
1659
1089
4040
1513
2788
3108
117
1415
3179
3052
1014
4378
4513
2385
4132
3613
1565
2564
4624
1326
1910
3093
1229
2249
1350
3022
3103
643
471
4049
2188
2244
1985
882
3111
3195
3845
2012
3494
2992
4341
4137
1370
1014
4684
2978
4944
507
1871
2591
3541
127
288
815
4100
2817
475
709
4928
4544
2563
4091
1031
3207
2266
435
3247
2495
2678
3084
891
1424
548
3517
4098
1214
82
15
3622
2988
3432
2046
3422
3834
2833
4996
1162
1067
1919
2213
4642
2318
1412
1288
3842
4797
4253
930
4113
651
3708
2878
4804
2898
3014
2879
3632
4794
1270
4764
3402
4108
4540
4164
2782
1190
3248
3835
1111
1470
2029
2661
671
2573
2215
4101
2771
1385
1519
1666
836
3228
4391
2521
530
178
4762
2628
1979
884
697
308
1177
2209
4302
2904
2413
513
4696
3552
797
850
2950
3582
2996
4806
3421
4778
2977
4877
662
4411
3412
4247
1178
2967
3810
3263
4646
3480
4764
1462
2694
4358
1845
3403
2546
3066
4461
107
1980
294
3272
389
2208
4778
1876
2303
4768
1628
488
3479
1681
2287
3740
4483
2046
804
564
154
245
4478
4843
1409
3342
2045
274
2577
1061
30
2062
2280
3703
1553
3542
1906
2925
115
4157
4776
2344
2197
2193
2874
4034
4910
1012
436
3475
3470
3771
2539
3350
2331
718
884
2133
3944
4963
1142
778
1663
11
3601
1895
4813
947
3829
4215
638
3892
1652
2592
4644
3054
3099
1438
2334
3798
1240
4715
326
2794
4336
4992
4525
1169
4140
2312
2304
3815
1500
481
4185
1715
1224
1633
1706
2092
235
1938
3585
2492
3603
3065
333
3681
3362
1426
2583
2924
3352
4518
3029
1959
4849
4235
1695
3804
3081
1501
3477
763
3228
1126
546
3220
2125
1016
2677
2802
1289
4664
2732
2875
1059
1775
4002
2900
3073
2517
3819
3187
4903
2656
2659
4184
410
2036
2485
2758
905
4958
3394
3383
2523
2189
569
1479
4892
902
915
3456
953
1364
3498
3219
2640
3900
3294
454
2460
2074
2313
4404
501
1579
948
24
1209
2199
4539
1717
1618
1128
1887
67
2618
2217
1600
3796
3994
642
360
4971
4993
462
1176
1774
2566
2628
1969
2014
329
4228
3055
267
1527
4411
1632
2707
4446
3137
681
440
3721
656
1761
4704
796
4675
3920
434
1711
3466
2469
1901
902
463
961
2405
1168
2614
3659
4900
2482
2838
1038
3678
2725
4128
3504
1402
2655
4163
731
4845
1111
799
1489
738
2086
3065
4732
3426
206
4738
2904
109
1946
3901
6
3740
1438
656
2808
4445
4917
4370
1560
4384
901
625
2699
4864
4131
2619
4658
2681
3085
3475
4256
1286
3886
3211
3907
1084
4880
3977
4989
974
1882
3411
546
72
721
4400
3466
528
3703
4384
1668
2546
2723
724
4282
3466
904
2691
2528
4015
4007
4236
4008
3696
3863
4046
111
2816
445
3650
2318
92
352
2779
4876
3155
4163
4426
1697
4939
3021
1234
128
1723
1959
4394
3839
2432
2380
3672
885
4758
1301
3658
4305
418
4377
4985
4760
4658
4841
1485
1385
142
4663
3867
1250
2003
385
3291
2736
3064
1689
3293
143
3366
1797
2958
1396
4081
3063
3658
250
3927
2344
4051
3007
2222
524
2819
4123
701
1009
4419
4233
2836
614
708
967
875
2176
2083
2123
216
1386
2314
1230
1893
106
2322
849
1762
4691
1132
3669
426
1744
4798
1197
4548
72
1790
1091
3259
3408
3611
2311
993
1573
4988
1069
689
2925
628
2588
4497
520
3982
4925
3991
1069
3822
596
3371
865
1961
1130
2875
2100
774
1487
2685
1568
4044
1683
4340
1869
333
4015
4100
1643
760
4548
4763
1570
4778
2102
1482
1487
973
4181
1456
4183
3899
4139
4340
2355
4834
3300
3650
4480
4688
2279
1643
2082
3487
519
2244
49
2764
4587
208
3269
2113
3687
2959
4964
1583
1271
4989
610
2541
2155
2838
3597
2856
343
447
638
4930
3806
2176
1308
755
1050
1133
2968
2176
4172
4122
3092
1613
1682
1230
279
3230
2026
4819
4103
4795
1523
3620
1619
3550
1975
4936
846
1997
503
1734
2838
2130
2098
89
1971
1081
117
4939
3584
972
4600
3452
2942
2330
2514
3619
1138
449
420
3518
1989
3954
1821
3732
4235
4115
3226
2970
1651
2530
3348
4332
1503
3788
4529
3129
2812
1095
2220
2337
2908
3395
2928
4298
2461
3284
3374
58
3126
1640
292
4100
2781
3923
4485
970
4194
4989
2384
313
1521
3713
1080
4666
4076
3565
3770
2820
4488
4112
2816
3882
1820
1135
4295
4901
3807
4746
452
3265
1661
1263
3749
561
2388
4277
4669
529
4172
1224
4082
4610
1863
4001
2561
721
836
3727
1922
3687
515
3193
3086
4323
4127
170
806
2456
1446
2795
2715
3858
348
3700
3551
4971
3292
4698
4603
4055
2391
2122
2773
3494
3639
1622
696
2471
1785
3209
3102
2506
3263
1940
2537
4210
3112
1440
2206
2520
2248
421
4390
4266
1787
4004
3044
1286
3026
206
38
3635
2545
3635
4861
4044
4561
744
450
3674
1791
4107
1446
3366
3702
4603
1483
1038
4628
251
217
231
4884
4978
4980
1973
1661
4593
3839
1070
1650
1140
1738
49
1434
4292
11
400
842
4838
2050
3640
4054
4013
3707
2203
3560
3334
4406
2719
4010
4128
1373
1058
346
410
2486
2874
3790
3026
3323
754
668
2412
3772
2852
2133
1853
2015
1100
1533
824
3536
2163
4001
175
4893
4685
3274
400
694
2981
3012
1450
2854
3643
2629
4710
4543
838
1895
756
2581
3705
4244
1703
4088
2588
2611
3947
1115
2139
1221
1874
3353
2149
1837
2546
3227
1777
2960
3488
3091
2071
335
1120
1130
715
342
978
4027
4587
668
3363
4348
4923
1888
3144
1787
1746
3186
1938
2575
1802
3394
4314
242
231
1224
3231
801
1810
928
3997
3411
4428
3025
3646
1691
1441
4219
2782
404
2146
2673
3751
2821
4293
3531
143
3649
2354
3191
3347
1235
308
3993
4872
2461
4086
506
2285
3880
1034
3258
1266
4408
4700
3908
1011
2286
2497
3112
3185
2680
414
4067
2685
1812
1689
2136
2281
3815
1226
4690
2350
3927
3684
1976
1209
189
1385
2846
365
2138
3196
2793
2189
2869
2617
1349
1244
4015
50
3881
3694
4750
3099
3903
4412
132
2144
4506
4592
2819
3536
4734
599
2543
217
4085
3619
706
1384
96
1540
345
3584
2423
4242
2533
2428
4801
2807
1074
500
1863
4135
248
4092
4443
2697
1964
4735
423
3398
526
4915
2593
3737
4469
4804
3022
1274
4696
3815
2004
3095
3675
757
2086
4384
3042
3926
1799
3609
100
2640
1052
2919
4121
3428
1477
3404
3671
1196
1201
2078
1313
818
4228
2946
2175
1301
3586
4478
737
3206
71
2789
213
1241
4307
3832
159
636
4813
1994
1176
3629
2472
1024
2231
475
1921
2308
441
1089
3109
4871
4035
4863
4932
3272
2099
4052
187
2830
913
685
1683
1869
893
1191
4891
3735
2112
1833
612
4762
4104
4632
4861
2273
530
1537
3393
1859
178
910
2348
4533
4008
4584
1142
2667
3411
3876
4818
416
1907
946
3354
135
578
378
2887
3275
4979
202
1249
2649
1941
2514
1704
3845
359
1676
331
4909
1437
3678
3699
1560
1588
1001
2020
2507
4472
1689
2090
269
4793
277
253
4574
3483
3992
2939
979
1406
1774
2330
4426
4052
823
1912
2020
193
3091
1868
4054
3894
1918
4767
4092
2848
1051
2211
2774
3549
407
1569
3192
1446
2089
1789
2728
1582
3286
3633
3477
401
3455
2885
674
846
2287
4138
2304
4950
3517
1000
3319
3651
1587
1775
3615
1028
541
1864
4458
3839
1707
3818
612
4898
437
3076
3494
559
772
4149
4832
990
2313
3232
94
831
4461
913
1694
2332
2821
3993
3446
4631
4561
2741
393
1050
4426
388
4187
1570
556
806
3826
4776
4254
3328
1315
1678
4182
2047
2577
4347
1798
3423
10
969
3486
1699
3979
834
3211
3526
2197
1801
302
2099
1876
517
2205
4972
998
2240
4749
3979
379
4932
3971
4328
4791
4757
3207
3785
1865
1536
3293
2014
170
4788
2997
3514
4798
22
2503
2501
3663
775
4757
436
1294
3685
3644
2352
1441
3048
3104
3666
4902
4816
4849
4258
168
4867
914
4403
2234
40
208
1686
1988
2589
4916
4000
4156
794
1135
2659
1655
2957
3844
649
2189
3059
2402
4615
3332
237
1510
4731
3674
3150
4665
3479
3649
2252
3191
290
477
3984
4399
3679
4779
2301
2471
4393
3904
2173
2442
324
4370
4541
3107
2514
2939
1903
3488
2157
389
2715
4242
4874
1057
2481
118
4148
4926
4369
4539
4296
1293
1640
1978
2306
2636
3386
3399
1522
2074
1238
208
2535
3881
4572
2503
1849
29
4131
105
4810
1966
3497
4266
1948
2298
4646
2377
2283
3755
2079
3207
1979
1031
2233
4128
23
846
2137
4896
2021
2595
1433
930
2085
225
3849
4491
1261
1107
2028
2614
2864
3996
63
3839
1371
3021
1718
3290
2097
3637
326
3983
3475
945
2233
1402
2646
834
4028
4586
3828
3974
469
2865
3772
1072
1110
3067
4417
1413
480
3329
3684
2550
2417
4159
2974
2310
282
2765
2357
2517
1632
4044
548
1716
594
2989
3178
628
4682
4217
322
1893
4532
1287
2708
4281
188
125
3693
3657
673
1401
4412
2674
522
4531
3522
4803
1741
4177
2597
2285
106
1779
3299
4188
535
95
648
825
1099
3111
3359
2621
204
2827
3709
648
698
4622
2517
3956
1148
3096
4820
240
2121
2062
3957
4459
2287
2023
3073
4521
2230
4022
4076
4974
2082
2454
3324
210
2625
408
3864
214
4188
666
3063
1519
2200
968
4677
981
3896
1031
2033
125
942
2940
3405
4534
2055
879
3951
3048
2341
1679
2352
18
137
526
3816
483
3480
3490
2603
1387
1293
4008
2145
3511
2913
426
3198
4460
2239
4501
3812
1917
4697
2399
556
2497
3683
22
3445
2798
1843
2615
3979
2985
749
1293
4179
363
626
1348
4433
821
3
2049
4761
213
2615
4123
3172
4273
4496
2984
4550
3220
1165
3576
981
4064
4840
1342
1399
4229
297
4066
830
1522
3074
755
3501
4946
245
2468
1813
4894
4111
4102
2813
1158
2683
3011
4492
2110
1693
1510
168
1911
37
1281
285
2826
1590
618
673
3268
2845
1248
4145
235
3640
3745
3528
3304
2051
2120
1275
873
4949
3054
2979
799
1081
3373
1389
275
1010
3978
2851
581
813
2719
2627
4837
927
1368
706
854
4702
3890
2158
3852
3217
4451
1157
3482
1901
3496
724
1917
87
142
3965
3854
4094
1805
3409
2476
1085
1870
4009
4402
543
99
1459
3215
3821
4126
699
1361
1898
2049
1402
3236
1434
203
1146
1609
559
1816
2025
4861
3530
3218
1828
4612
1131
3477
4663
3669
3381
3170
1551
1556
2709
3790
2688
4250
1319
58
2136
4461
4417
2454
246
3944
2678
4535
3132
1254
3711
1867
336
2314
3187
4938
311
456
3363
458
3386
2484
2305
2313
713
3996
1772
903
3334
972
4452
2348
2268
1571
4688
2593
2447
528
1409
465
3841
4084
2556
1238
4721
760
3323
4328
3143
2078
1198
4358
1269
345
1886
1440
2827
4765
1891
3776
3758
395
3950
1905
777
3283
2193
2063
2876
2399
1668
4251
4223
182
3037
2886
3663
3590
4715
385
3541
2003
1342
3034
4050
2832
3566
2370
1078
4865
2579
4912
3006
4284
2612
1066
4730
2733
222
3761
1235
2887
4325
2148
1429
917
3889
685
1936
4590
2431
4587
3662
2401
4232
339
4998
1780
3724
884
1933
4975
3799
4974
35
377
4329
240
2215
1003
227
1728
3097
1709
1145
3713
3123
4486
2831
456
3447
4687
3778
3136
4175
3892
1192
220
797
2381
1268
2381
401
1944
2226
4993
436
2840
2631
4994
4695
4413
715
2509
4522
1924
2062
939
2327
4338
3960
3430
4810
2764
1133
3792
2556
1950
2346
83
4476
2198
3801
4382
677
3852
2863
2074
4676
1477
1328
3208
2152
419
4117
3619
1999
748
1825
328
604
4613
4692
3716
4033
3124
1844
1865
2399
2360
4140
1768
1540
582
2888
321
1141
4609
3139
2639
1220
323
52
2506
2967
4831
2864
4948
1594
287
4637
2656
2370
4032
655
3452
2506
3276
1442
1117
536
2453
4381
27
1641
1892
127
3869
8
1446
3892
4204
1545
4627
1864
3486
647
4279
4692
3836
3019
1157
3576
1462
2158
4249
3751
4275
1984
4489
2790
1507
1459
743
94
3227
1564
2142
4739
4008
874
29
1454
4396
237
2642
3727
3018
3678
1070
3470
4633
3759
3173
4525
573
4352
2961
4826
527
176
1984
1243
1890
531
3550
163
3153
1836
1949
690
3452
4090
2664
4144
4372
3892
1919
1805
3032
691
1645
1913
699
1322
1572
2038
4279
1028
4844
3926
2811
3815
1588
2291
3987
848
1732
2031
408
66
1113
3926
3455
1006
4699
674
470
130
1030
1495
121
1321
1372
2912
3337
4233
459
2998
3957
3829
3976
3853
4661
47
239
4818
807
3635
8
3312
1041
891
1170
4551
2597
3413
2880
3602
862
4682
3971
679
4402
4814
4513
121
4744
3337
1606
4511
4365
741
918
2014
444
23
1306
3986
4086
2296
60
2055
3481
4782
4136
1062
1855
4913
2077
1929
835
2392
4281
2401
2149
53
3332
4886
3466
2467
281
2372
1646
3517
2373
2430
1107
3187
2534
4620
4291
4762
4995
3486
2041
284
19
4183
1169
3308
2379
1752
4343
902
2999
4943
650
3305
2322
2211
2520
3156
797
1778
1293
785
3196
4421
4952
1735
3119
4534
2747
398
804
2552
1714
3751
4748
4344
1265
273
2794
2485
2773
690
656
3810
2793
4219
4119
4815
473
4151
3530
1570
1867
3463
2426
4629
1696
4467
3733
1738
442
621
2363
800
4836
2364
3815
3729
4163
4798
3921
277
3461
204
528
4440
2399
2332
4426
2933
2897
4277
132
3746
1795
3241
3072
2368
3228
133
2668
3821
973
1292
875
3882
3027
2158
175
2384
4058
2795
590
4639
4126
4827
3484
214
4776
3466
3903
2237
1324
4582
3631
52
3476
4779
3567
314
4089
4375
4380
345
537
1121
1964
3587
1963
1759
801
2343
1643
3243
2423
1601
1724
1667
4210
960
1388
2698
1797
535
4726
140
3591
1479
2692
4465
845
4136
4518
121
2974
3164
4971
3642
1572
1449
36
100
4277
1346
713
2533
4573
2334
3989
3548
2298
3735
3567
333
975
1092
3586
461
1959
1545
1148
4280
1912
1546
4108
4790
1448
869
1640
2503
3706
2103
983
4201
3980
1564
2639
537
3073
102
2595
2126
1828
3648
2412
2376
1124
222
2101
760
4937
4274
3992
3980
982
646
4729
4778
1070
1476
2904
1634
4256
3763
3128
3405
4269
892
3153
3116
2459
4473
642
2078
4367
1445
1195
3035
1216
3576
3425
839
1763
105
2345
4566
1150
1907
2801
1317
1177
2645
2301
3004
4460
1735
1572
4348
464
3929
1089
4665
2714
4172
991
221
3677
3038
1316
2012
237
1308
2380
1609
3622
4182
4780
4490
328
1910
1152
2371
2611
3621
3069
1195
3999
607
1819
4075
3863
1169
2041
4673
2934
3409
2335
2970
4897
1200
3614
1382
3786
4412
1416
4796
1252
4331
1458
53
112
578
2505
1659
727
4243
3540
4902
3244
3334
501
2608
4865
11
2536
2070
4040
278
1025
4248
1853
4679
1976
3550
2277
4918
1731
4797
3352
1973
1160
297
3326
1003
3163
2323
3107
1700
4323
2274
179
2373
2424
1248
767
2451
3746
3617
999
4321
4301
4788
3538
3409
1122
4527
2436
1898
3429
1485
3858
169
300
3395
4192
2247
1780
4302
3512
1347
1107
1211
1487
179
3047
634
2502
1503
4952
3192
2412
4525
4756
526
834
681
1061
3024
522
2763
1812
910
3139
420
3166
7
1251
3944
1229
436
353
1720
4108
185
3872
4197
2061
1436
1150
1682
2560
1808
1251
2189
4214
3057
2527
2920
3987
3806
4873
3001
1357
660
2654
928
1248
149
3698
1971
412
580
3005
4492
4691
553
4428
4639
4373
1782
3048
3375
2037
4808
1872
1420
178
786
3038
1956
4813
55
4032
3733
4071
117
2832
3709
2252
2790
4556
845
401
1793
679
337
2381
4451
131
1926
593
389
3337
3792
1080
2750
2096
4988
1764
2636
1684
3345
1379
2818
1439
4542
4731
2207
1463
4964
4438
4128
3396
1939
4815
1391
1417
2515
4631
3847
4336
692
3580
3003
877
59
1436
4189
3311
761
4240
1710
2283
779
2883
3645
337
1483
3144
3939
3289
3738
1272
4817
1622
2242
3626
345
807
2006
318
1728
2663
285
3558
4333
3149
3787
525
2109
2957
3181
172
2385
1852
1772
2024
1236
249
3601
3348
4399
2736
4992
4990
3078
2319
3559
4386
4714
2780
70
312
2051
548
3889
2163
1727
455
2803
2207
4749
4398
3906
955
290
2410
814
1060
2563
961
906
2678
2237
1865
967
1936
4182
664
2660
634
1642
4412
4025
1758
3015
898
3148
2291
1877
801
2489
4104
1170
1922
2048
1252
2992
399
736
3882
3761
1206
2847
763
3732
1955
923
3670
3868
4626
3704
3276
3328
3132
561
4268
1501
2786
632
4650
4466
3118
4598
3261
1854
1317
4924
4836
3608
4434
3219
1022
346
3447
3593
29
2750
2719
1969
2173
1934
1425
2805
720
3462
2567
294
3146
4991
3764
2864
3699
4781
19
1576
2243
4357
4669
2422
1704
2475
3325
887
327
227
4496
3061
4575
3177
4976
2268
587
728
1712
3413
4891
2835
355
333
1970
2397
3419
2909
2781
3046
111
367
4827
2461
2874
4497
3564
1475
4704
4813
4722
3279
4150
405
1023
2734
638
3096
4431
4000
1677
658
1595
2367
3312
2480
3668
3372
1818
1058
4454
2832
1274
4122
2746
4530
4599
1878
3624
3382
253
56
4833
1014
1423
4594
3422
1264
2100
827
2264
2404
2671
4523
4989
724
3415
20
891
4359
4268
3997
663
327
4653
2067
3523
3870
4040
2247
2496
4396
3493
3040
209
3786
3848
3190
340
4111
2537
4354
2697
829
535
787
5000
3820
2775
2794
498
3840
121
1062
1982
1523
3829
1915
3263
2363
1541
1109
1751
4546
2982
3402
993
435
2033
4545
4201
4699
1096
3334
1500
3085
4936
4579
1129
254
3367
3836
2381
4464
3
4534
722
2215
3555
3450
2484
427
2102
2441
2068
4485
2578
2053
140
4926
3166
2720
4927
4225
4742
3199
3844
2039
2468
3447
2771
425
3020
2224
4436
3432
578
3404
1863
3346
2247
2269
2262
4321
3996
1792
3855
3945
3040
4384
1069
2415
1449
751
3726
1594
1542
1592
3486
3464
1249
1174
1327
608
3080
1518
3184
4854
653
86
2842
3812
4534
2746
2027
4580
4294
331
1917
1307
4434
1517
3203
3683
2697
4987
17
3408
1936
373
150
2809
1410
3771
1073
3698
2127
4638
1272
3806
610
3333
402
3513
1954
1422
76
735
4384
3290
2708
1204
4064
625
4120
528
1454
4244
3173
464
4180
3397
2370
2878
2937
1549
2416
3389
2606
829
3636
842
378
82
2914
4638
1129
3146
4394
1888
1513
3084
2964
4458
3439
3657
1483
381
2323
4552
1687
2082
3888
2478
760
1510
1951
3817
480
1861
2779
4140
2956
576
1818
2425
4285
4056
2676
3853
258
1325
4267
1074
4489
2848
2446
4447
1310
1657
2288
4748
2330
2060
1922
4266
1976
2827
4125
4322
2968
383
1571
1513
1007
2872
4560
4245
4813
201
4438
4565
449
1046
1959
916
2024
1221
1555
2023
327
341
816
2204
1857
2053
3426
3407
3536
4599
2720
3305
2198
3649
2166
1182
1776
1238
3242
4627
1304
1833
3566
3452
4327
431
2808
898
4791
4387
4089
2359
4337
1890
2004
822
1693
820
4157
4417
4847
1537
615
1932
1780
1347
2570
2000
2349
1015
2156
2324
2970
2456
1726
4960
3336
1141
1978
3925
4640
2262
2848
4266
2746
3854
406
1530
330
3068
4211
3519
727
2349
1621
838
542
2291
3966
4999
3266
4294
211
3263
3382
3818
847
1899
3869
2302
697
2036
4237
2402
3461
3910
1471
2886
2758
4944
423
2326
3823
4936
4562
2357
2287
1365
2678
1374
3715
1199
28
338
1856
2462
3921
3144
4398
4091
1647
3810
2962
4380
2588
391
3684
3241
658
494
1090
943
1060
484
14
1155
1257
1297
3182
1697
368
1210
4233
1791
1266
1478
389
748
3788
2378
2901
3086
3149
3238
2131
4045
556
1386
571
2902
1698
3956
4718
1396
4421
3682
3285
3117
2404
4298
1859
1819
411
765
4832
4737
1011
808
370
71
4822
3912
411
247
4117
4348
4174
3271
2444
1449
1315
1242
2723
2897
1827
522
2365
2126
4838
478
576
1396
2905
1526
3276
31
1920
501
4800
265
2857
3200
3044
2352
2600
4409
3637
4332
3077
267
2850
634
1830
3309
3727
4340
1800
3297
175
2353
3280
2529
3958
3994
3385
646
4268
300
335
1286
1040
4017
3799
4882
3519
2287
1546
2690
3663
629
1746
4294
2651
1252
4458
355
4370
3569
908
3855
4770
4761
2067
3450
2983
2499
3661
1626
3111
4092
329
358
3258
3791
3434
262
4524
3167
2548
4968
68
4413
1669
3642
3121
2781
1934
2681
920
3247
3570
899
4185
2206
3830
544
962
199
3685
3970
4920
2237
1793
426
1846
3242
2014
349
598
2277
3788
4642
2908
675
1913
1931
3385
3718
2306
762
3793
3338
368
3502
2787
1168
3820
3144
3763
1884
4862
4145
4224
668
1129
1554
3300
109
763
4397
3199
1347
2665
3583
369
1315
4567
4227
4308
3025
6
2493
3513
1978
4200
3262
1662
1598
3777
286
150
4367
340
1357
4324
435
727
4049
3873
1201
1404
4780
2712
2483
1487
994
3898
4084
361
3544
2743
2144
941
1143
3168
2024
1780
466
3522
245
3769
2955
3336
4562
3266
4955
3962
400
400
2359
3532
2116
2985
42
4431
1059
641
4880
4461
1601
3348
2920
2296
387
2573
191
4695
2103
564
656
3239
2739
2814
4295
2016
4366
565
40
4780
3864
1271
2696
4904
4742
4928
4918
1135
1278
1674
2341
527
3723
4499
933
1450
1101
4738
492
1824
4790
800
4914
1554
2784
477
2730
4702
3645
2366
4024
4044
685
603
4535
2640
438
1558
4458
4139
4275
2673
396
1880
3607
1579
2532
4303
1974
3314
1657
1474
4247
1268
538
3973
3775
3567
3242
2251
1614
3127
1555
2492
593
3150
4969
594
2843
2561
4993
1724
2486
1811
3825
4626
1233
442
3449
4119
1875
571
3680
425
3325
2259
2527
4530
44
1678
3963
2047
2001
4608
1676
2133
428
2722
4516
4265
4562
3888
180
1912
551
1650
1062
391
1334
2680
3175
1078
2109
4045
2827
1637
300
1572
223
2164
4112
3322
3471
1084
366
3104
4107
3020
3588
1466
4760
1878
1401
1137
637
1798
4478
1229
3863
2718
665
2018
3899
2612
4317
3359
2825
4663
686
1986
1213
3064
2013
2382
3431
2896
1489
4514
785
793
996
305
1819
1183
4962
3429
1285
3895
772
190
4234
4836
3974
2727
240
321
3859
3746
3514
2119
1965
4528
4851
2124
2416
1415
47
1317
2853
3465
4035
2041
2416
4352
4241
297
3361
27
2417
845
3463
4286
2975
1794
1726
2235
1461
977
3546
3999
1573
153
457
4576
44
2681
804
2719
1948
3397
3774
4401
1756
3107
4577
4321
3317
147
362
4034
473
266
2786
1974
2787
2996
4399
1251
321
3604
1455
3471
3689
3310
151
2362
4757
1749
4633
2906
4885
4143
2102
4684
740
2909
1480
4452
3266
1294
4262
542
2979
2399
1061
2891
3842
2124
573
2621
4162
161
3843
1689
2356
2784
2533
2063
309
1388
4111
263
2404
3171
3223
2046
1743
3734
2292
1433
1901
825
3219
3386
543
2969
3846
4911
4097
3645
591
1683
4759
1502
549
2051
3016
1259
538
3120
1461
2021
2282
3712
4525
1038
2272
1369
3071
4966
4520
221
1017
4843
4007
266
1941
1491
1577
4146
4926
2169
1370
2734
4412
548
3646
4189
221
1083
921
4064
4955
142
2277
1800
2875
4747
167
1475
2574
3613
2263
3884
4156
3113
4570
3726
2587
2137
1128
4912
2190
447
2480
1250
2741
4173
1718
1149
2551
1034
3923
3726
217
364
4370
4195
785
1275
4683
4386
1344
701
2201
3182
3736
611
2875
3450
2694
493
4794
1915
2608
2363
3660
4235
645
447
87
1543
2292
2814
4652
920
2435
1047
4849
2612
191
3761
4275
3452
1666
2809
3341
2429
2352
4729
1660
2924
255
751
2530
4475
185
1199
332
1494
3015
748
1119
21
2853
893
951
3921
1923
1485
2527
1107
4998
587
4057
1871
1898
2666
3808
4289
2055
1596
1251
1079
80
2998
4104
660
155
1049
1761
3928
1055
619
386
1940
3157
3942
2115
2063
512
3697
4260
487
4336
859
1807
4848
3380
1689
1792
2158
926
4009
4707
3374
720
804
4401
4690
4518
945
3089
878
3548
3735
4360
894
3685
4219
4103
415
2305
2802
4707
3547
1047
4366
320
4801
317
4102
3126
3359
752
2457
3284
672
3995
3745
4756
4580
1729
1566
1718
2277
929
1913
4111
2054
721
1099
230
275
844
4743
713
2551
3290
1764
1614
4396
3760
1333
182
2948
268
161
2019
3800
65
3649
1876
2659
1080
4064
1614
3130
3966
2219
3804
2076
2169
1473
220
720
2532
1401
630
3512
4923
1970
1051
4510
3388
4244
1567
2329
3851
1252
854
4126
2372
4622
2414
4915
632
2596
4633
2908
2746
3936
4643
4073
126
474
1806
2585
2954
219
3380
607
4010
1261
4657
1685
2552
376
1911
2297
4404
4021
289
946
1744
2071
2362
1285
1297
362
201
1613
69
755
101
91
3933
1984
2685
733
1591
1074
3032
4837
3714
2582
2314
307
2767
2844
3111
977
3897
1372
1372
3994
837
830
3157
4618
4727
3349
2598
307
4740
3468
1444
3660
92
4056
1315
3424
4167
2201
1101
4446
2405
1639
4428
747
2460
4560
1717
4414
2556
117
1763
1195
2323
2711
4133
4144
1102
1307
3972
3540
1018
650
4889
447
232
2732
3071
3592
1309
2597
1974
4252
1246
3705
2
2563
922
3804
566
2143
2836
155
1912
83
951
3446
2896
2912
1479
5000
2531
2411
1544
1293
2312
1750
2431
543
4384
3717
1651
3493
2305
3381
4259
5
3750
652
667
936
4
3332
4871
4945
2162
4377
860
4598
4014
2217
4443
4813
3545
1622
4767
1257
2494
666
3431
1611
3077
3635
1294
3598
117
3168
3491
2022
2964
994
1216
3115
4550
4996
1798
4868
4913
2497
1492
1217
3547
374
43
3815
2075
4468
4226
460
1675
2916
3835
4311
1737
53
3208
119
2143
1687
1781
243
1942
515
2070
1037
2276
217
4627
1040
4917
3652
4984
693
118
3305
558
1240
1823
281
3909
1091
3764
559
3945
3612
2059
1905
2100
1361
4796
1522
1789
3899
3859
2742
2645
1975
1589
2663
139
4817
1507
1065
3450
1609
4030
2174
1809
4754
4660
3901
902
3513
2379
4082
208
4185
4867
997
3275
1210
4271
3207
607
3621
1566
2617
524
2675
1982
907
3996
3534
947
2088
610
2614
4944
4302
2321
1433
1114
1215
1447
4613
607
3078
4997
2535
1477
1757
2975
3691
4728
1331
2994
1628
4354
1260
4134
4606
4181
1909
42
2206
1963
1567
3388
4985
3996
1478
862
1127
4945
2494
2194
1677
2199
4315
2073
1820
1280
3982
2430
3563
3024
1060
4683
4564
4967
4275
1666
1407
3519
1762
4306
2828
4422
3804
2155
4984
4151
3258
692
1317
3928
2613
2567
1103
3648
2406
603
4138
1381
1414
445
2394
4956
3391
200
1531
3649
1428
2625
3754
4157
3719
59
2799
1451
2687
4374
1192
2275
4379
908
785
989
1328
1830
564
4954
4099
283
4919
2148
758
3667
2975
498
4798
4947
3377
1554
2631
4254
4314
4511
4505
4752
154
622
1791
2519
4838
2035
3287
1087
4714
351
2813
2049
4294
165
2929
624
3098
2920
3330
3816
2501
812
1716
1503
3380
4739
4763
3948
581
2089
1413
528
2266
2850
3213
2683
151
111
3830
142
1468
2036
2933
195
2061
3116
575
1102
622
2353
3890
1759
2187
3385
913
4718
2887
195
4075
2016
1040
4357
3063
3596
3047
345
3517
3787
4280
3163
2074
1326
3970
2321
365
914
4888
1178
2332
4292
4729
4973
4073
307
3214
3469
2397
3980
1567
1720
766
4047
17
614
4810
2363
1072
288
4065
839
790
2761
1186
4456
2106
599
2157
4041
2383
1399
2832
732
2727
1286
893
3625
3986
1227
1253
2246
4030
2547
592
4507
2522
3968
1873
2956
3411
4155
2044
641
1134
2095
1664
4867
211
2700
2913
4867
1338
3949
2669
661
1334
3204
4046
2880
174
3573
445
905
3925
106
3610
3004
2867
3505
3712
3007
617
313
2947
3682
211
3134
328
4160
4637
1919
4911
1452
2889
1270
1939
4829
1340
1249
4910
1076
1053
253
1726
111
3104
1889
4797
181
4244
4621
1049
671
1783
2119
4932
2332
3009
3334
3027
2454
3954
1889
2311
3585
3719
2110
2930
3514
2360
4253
4235
4105
2222
736
702
3099
2127
3627
686
3440
4508
2390
2649
4385
1347
3040
3580
4081
332
178
155
3387
1241
2645
335
1243
4409
2289
1542
1403
4098
1256
160
2910
1134
2176
3036
4915
858
4773
4872
3057
4624
4298
4337
71
3660
1225
3000
909
4621
4792
354
3815
21
1693
3869
4335
4503
2048
3972
1382
447
1356
839
3727
67
1742
3277
1520
4034
1716
712
4647
1238
2008
2246
2662
3165
3626
3231
3031
330
2203
2375
2420
3130
2993
2684
3811
2582
1255
2567
4077
2440
2796
289
4737
453
4276
1388
1711
3959
877
2057
608
2518
2092
4454
4509
1412
865
3488
3526
4746
2769
3833
4149
3865
2878
288
3399
885
3997
2927
4667
1752
4436
3493
4572
3360
3057
425
4933
2190
4063
531
1612
135
2282
1008
2729
4422
1381
611
2721
288
1567
460
1003
1461
3418
4034
4915
3573
199
3374
593
3627
3310
1494
2413
4699
1041
185
684
4004
4920
3699
2190
1448
4198
4424
1484
3306
3546
4364
596
2797
4759
4411
214
2276
4432
1142
2607
2951
3065
3299
764
2566
1992
3460
383
1326
1794
117
475
4265
1963
758
4123
115
2632
3310
3880
1648
68
2162
152
3708
4082
4253
1491
4826
26
2372
1363
2844
2981
4653
4390
1923
975
3940
1191
4518
3304
4775
1613
4938
4179
1559
47
667
4023
1352
3533
1250
4131
1426
1439
1234
1966
3894
4182
419
4432
1968
2170
405
3030
969
1777
798
4886
4684
3248
2837
3613
2528
2065
159
3015
1269
4110
4178
3553
4168
586
3308
2997
3626
740
3287
3307
490
2754
1298
4927
975
1435
2668
2151
4381
4291
2685
4622
1371
3973
4515
1049
2003
4146
2424
2174
1382
1195
2169
857
3936
4345
4901
4907
621
2253
3183
589
1085
3556
4795
4875
1353
1371
3173
3636
208
27
3109
4673
577
1572
2343
1520
1258
4260
4774
2950
939
1949
4012
2042
3085
3221
3037
3886
2060
2413
4944
1815
1396
4981
1298
4276
3897
4320
2558
36
4798
2342
3447
4973
344
897
4481
2731
2617
1601
3396
2142
1622
1088
3061
4658
3079
215
990
1460
3602
4822
3110
2879
4460
290
541
2712
942
2911
4043
510
1401
1997
4393
4960
1959
4172
4871
4095
2514
3516
1717
2472
4900
4618
26
498
97
2048
1479
799
4139
149
4442
2856
1715
1509
267
2450
593
2279
3454
851
4924
4669
4270
704
3864
1649
4342
156
3224
605
529
4383
421
486
2547
3386
2265
2955
3425
3086
1951
4700
4645
1845
2352
530
3314
4283
58
4458
4422
4992
4811
2738
1567
4395
1880
3021
1427
828
1000
3800
3120
414
4035
356
321
2952
3167
876
1897
4415
3921
2608
2084
2535
4896
1937
1746
4923
56
2326
1763
2965
3728
3392
2268
1989
3936
833
4629
2689
59
2072
813
4421
4558
4931
3322
4961
4416
1707
2691
4432
2031
385
1910
1621
4294
3137
4748
2315
1919
4721
4944
231
2552
1285
1235
3157
4022
2753
4371
2757
3828
2644
1824
4231
1850
2944
718
3325
3935
502
1307
3907
3142
4189
439
1337
2249
3697
2238
End