4730
3502
3151
3785
3746
1812
1224
3800
61
898
1830
1403
3749
1237
1819
2693
1412
2539
3000
2604
4724
125
4516
3869
1974
520
1245
2013
4163
996
2916
445
3431
760
3019
4809
3407
1203
2796
4531
2798
3701
253
3900
3171
2493
4580
221
740
3736
2100
2155
1435
396
4892
3692
1111
4180
4274
4347
1039
238
4535
1325
2877
2020
2867
4650
4159
2651
4695
2585
2169
2103
975
1357
45
146
4140
4562
3089
4569
1735
2630
3519
107
820
300
3807
3836
976
836
3725
1927
4201
3518
1903
955
2414
1754
39
239
2139
700
2400
572
1023
930
1653
624
1940
1958
2615
781
3005
3904
1583
3942
2955
1007
1866
4282
4953
3035
3824
1531
2544
3208
2366
1658
1445
4897
2984
3449
2879
3919
261
3319
643
1214
3394
4438
1576
796
1373
3063
2574
339
2503
968
1585
3899
1221
2346
3818
118
2144
4030
3243
980
4475
1076
994
201
4620
543
3277
3182
3174
2836
1729
1616
2024
3761
4198
1475
2057
2787
2728
643
70
3409
3376
2134
2104
3018
4723
1949
4766
4630
2937
3654
3672
4520
714
3194
3430
2259
1400
450
840
2210
2065
2745
2120
3022
578
4608
4330
3687
3356
2431
3734
4392
3699
4628
3669
429
1860
339
2497
2038
3443
564
1965
4143
2069
1456
3695
3913
1336
3386
696
3037
1975
140
1190
3283
3434
3583
4630
3681
2030
1986
945
4950
114
4318
4792
1454
1592
2066
1173
4922
2683
254
211
743
3864
2115
4651
4900
948
133
4450
4757
4308
682
3229
4344
2373
4270
3187
400
164
1060
1542
2629
3237
182
4838
296
2529
2504
4478
4244
1395
2667
1939
1108
1858
3342
485
875
2711
3966
605
2764
1013
2211
1963
4457
3196
3718
4800
4695
2077
2302
4217
2139
2480
1762
4424
3169
4244
1794
3200
3856
2877
2661
2714
4662
2956
3522
4017
4958
1412
4066
4422
3700
4667
2271
3252
112
737
2049
1323
1366
792
1212
336
3414
3002
3144
2291
1766
75
4385
4398
4713
3435
2101
3852
4524
4306
1341
674
534
623
52
2049
835
749
3110
730
4936
508
3540
2002
1156
27
241
4123
2797
2252
730
58
2958
1456
332
3937
4661
2816
1960
481
3903
2468
2442
2400
55
1244
3011
3274
4667
3823
3898
3165
4837
3307
2927
894
3585
1970
3861
4692
4710
1221
2381
206
3825
1613
1812
49
3985
3231
4789
4883
2950
4289
3788
2462
4131
2076
3478
1674
3839
4301
725
2751
739
180
2791
4251
4232
2588
3434
1723
4482
1005
2366
1202
2222
3194
1535
3809
3410
4264
4676
3435
3475
1811
1748
382
1211
862
2605
4988
3239
2185
1953
2064
2809
2133
4638
2583
3629
1500
2411
286
3229
442
321
2106
30
4838
4019
4573
1057
4926
4045
3118
4618
4653
830
4944
1086
3985
4872
3051
3880
2340
491
1821
4445
2024
2960
670
2380
2863
50
3638
2886
3683
3671
4060
2456
174
2694
426
2084
4182
656
2003
4499
3763
1074
1479
318
4463
2938
4727
613
678
2377
682
296
3799
2061
2682
2325
4675
286
2093
785
3403
3357
3529
1334
2598
2887
844
387
3718
127
2438
4868
31
4335
2795
1588
2775
4090
167
4041
3108
2250
4047
3663
4630
572
821
3420
1316
1493
2799
3689
4290
1278
4923
3276
1638
2078
4393
2641
548
2639
308
260
1327
1405
3532
4
4437
3492
2036
1592
1555
4604
382
621
1042
2683
102
948
1363
4030
1025
3248
3411
3738
4062
1436
2295
3025
870
3587
3240
4029
413
1177
4177
4055
3782
326
4351
2220
1244
3933
1670
4276
908
4731
1508
4329
4960
2636
3101
4708
4382
1047
4064
262
2088
4321
4256
2423
1452
3424
4540
3174
4149
3963
4380
4351
3353
2800
1081
3567
4235
146
1878
1988
4148
4952
479
3993
2422
253
1438
4206
708
4948
3073
754
1528
4872
2919
1699
3850
4019
2496
715
1979
824
3581
2879
3812
1821
3864
2730
2709
167
4532
1635
4713
1459
2834
1774
4358
4441
1469
2253
3361
4006
1393
3185
2548
879
3394
1117
408
4161
462
292
2306
4490
1511
1682
3842
3873
1880
310
3974
1969
1223
4244
3734
2765
283
4799
1176
1412
3477
1544
2657
4902
2354
1425
3867
3333
4327
1341
4187
1598
2115
2732
3706
4872
1492
3331
3282
1878
1624
2375
568
1455
4907
1932
2786
4445
3885
3253
1172
953
1716
3694
3169
2966
1688
2687
3634
2648
694
1019
1543
915
560
1800
3897
4753
1902
3525
2516
1518
2405
4766
1384
2295
4029
4398
1377
4800
3992
4454
988
116
3048
4032
3899
2834
2596
4670
3858
2208
2409
4477
1373
663
3481
2194
3269
2166
4213
1719
1000
4239
985
3893
4465
805
4027
389
4728
1902
464
4897
3989
1285
6
2781
2984
1361
4419
3144
2561
2281
267
3433
187
2882
3690
1864
2048
504
2284
2584
2399
4427
3162
746
4033
642
1352
3609
2339
363
670
2311
3166
207
457
76
2855
2981
1891
347
3619
4123
2260
1973
1546
4238
567
547
1153
3896
1839
2828
3010
1323
896
3360
4819
2020
131
2358
4628
4274
414
237
3883
1400
892
2008
1266
2796
584
3762
4332
3421
2722
1522
788
2770
3458
3392
3964
2878
610
591
3854
521
4263
2682
3538
3040
1831
1249
2849
75
2930
351
3118
3139
2603
2051
3286
3958
4242
1326
1943
190
939
4907
2149
3757
2427
3811
1077
2986
397
780
4293
10
1109
2762
2518
687
501
1119
4369
4240
3235
584
3760
3692
3062
3600
2854
1511
3653
3772
2677
1018
11
961
4685
2428
1461
809
2696
2824
1659
2783
1362
4453
1199
429
2944
4772
4448
2485
2494
355
2954
3211
2913
1929
1568
4501
3511
2450
891
2636
2353
2254
4949
4829
691
2171
1838
1381
576
4734
2052
3162
4561
107
1011
1155
1697
3192
4044
1673
3333
3822
2535
1338
1363
4122
3525
3795
2034
838
4731
3051
1088
3302
1719
1241
2634
1091
2578
4525
3033
1525
2858
3030
4601
586
1170
1683
4404
1739
4781
1322
963
3988
4818
1584
886
3661
3243
4313
3483
4108
3413
930
1344
1851
3539
470
2223
4358
4935
4772
4905
4336
476
28
4998
3504
3448
3739
1899
2245
574
3144
3746
4743
976
2910
431
4262
388
2267
522
2830
637
3691
2608
346
3688
1407
4454
1324
2249
2630
2075
2638
1356
3875
3645
829
1855
696
1418
389
2192
2345
3745
4660
302
3958
1574
2177
4845
4684
4944
3033
2078
4216
2996
4448
1683
410
2393
111
1065
2982
4155
3602
314
2190
1285
4605
2307
2354
3545
2820
1093
3003
4024
3833
3326
2285
1268
3221
851
3591
167
1538
4034
4725
3271
2031
569
1808
3142
2948
4104
1813
2499
457
3408
2639
4975
1361
3706
399
1114
2361
1769
4574
3049
140
3766
1844
1341
4569
3148
1260
3286
4474
3868
3648
4447
1101
4116
1172
1272
156
3536
3180
4054
4918
4183
3061
3477
4002
3026
1407
1495
1245
2021
3933
4306
3014
1930
1020
1463
1159
2044
2408
4156
736
2025
4565
3142
1673
149
4996
2444
2719
4697
4072
1941
636
4476
4622
474
783
3053
3114
4641
3357
4112
4838
260
867
857
2665
4185
1507
4538
2679
610
1549
561
2489
723
2735
4544
4793
3417
2528
2748
519
4921
3358
839
401
1542
155
3236
4728
4355
2655
3376
3236
296
1814
2411
646
1699
4356
1610
1788
4611
1801
3073
4665
1714
408
1530
3527
3725
3662
3015
1497
528
4435
4701
3103
383
2910
2455
810
1054
3696
4730
1543
819
332
4936
4826
1071
67
1389
3902
4904
679
738
3654
2427
1486
368
2794
3197
2280
49
4503
1539
68
133
1151
4218
4462
1364
165
4788
4295
1461
4280
1435
1117
4526
1839
2514
2344
105
1775
251
2345
3880
2435
2178
2246
3207
2182
1934
2435
3127
746
4283
1904
3783
3228
2642
335
2974
2921
1213
1817
4846
681
901
3399
2200
2389
4068
3637
2322
500
3669
4275
278
4573
2262
718
386
3112
3897
623
2362
3489
4657
4124
2278
614
2388
353
713
583
398
3322
443
116
60
938
2323
728
1125
4881
4425
4882
4235
2878
798
4412
3323
2009
3243
4807
880
4057
3169
1770
4660
4069
1971
3273
4720
1287
2103
2928
2217
4549
807
3576
4276
4634
4973
2710
1593
897
3941
94
1987
1556
506
829
916
757
3514
3552
3112
4556
4859
2681
1463
4094
2983
2016
41
2867
4722
4789
950
4844
972
2660
998
1119
334
4364
2631
4307
3755
4813
961
1117
218
3137
1086
2523
3292
669
2946
661
2239
3482
2901
3036
1724
434
1363
1101
4566
4659
1157
4990
1395
3236
3461
940
3072
4159
2124
408
1770
4219
1260
1683
3831
3280
275
3464
1881
4888
544
2032
940
1880
3090
2557
236
3244
2994
2653
528
128
3549
1385
455
411
3593
3976
3199
1290
2618
2635
2988
1457
2479
2187
3285
3570
1407
2235
4787
1732
4299
3640
4458
2922
4637
2318
4718
2410
346
341
2273
4574
2588
986
1357
3360
65
4664
312
759
3640
4521
2477
621
3666
627
555
3044
2828
4680
3273
2814
4911
2839
1318
2827
3029
3613
4058
4944
4026
4007
2171
3411
3120
1659
51
1782
4821
1755
4251
4594
3125
480
2493
2653
4087
29
4034
1235
2142
530
1896
3666
4889
551
1129
3157
2759
4751
4085
396
2801
4429
3537
1629
7
2699
3964
4953
2055
115
4477
467
4504
4025
616
148
1587
2060
1117
1531
2561
1430
2722
2241
3393
2722
1044
2617
1650
1807
503
2451
2386
3034
2062
217
4904
2037
3749
4758
4885
1773
3412
3675
1823
3423
2677
557
4557
3926
41
2230
509
3708
1861
3468
1814
2621
2739
3251
4355
4332
36
1849
2890
3422
2257
2496
1847
3086
3685
947
3320
4255
3752
3165
4679
3295
1902
3923
4099
4569
3804
3600
1009
4746
1640
2096
4496
3396
1247
152
2638
4123
1120
1563
698
397
1255
3857
4481
1859
2738
2353
3479
1984
4674
4875
3513
4670
916
3446
4312
1737
1883
4011
3282
2719
1901
4672
119
3636
4151
2843
2098
2274
3279
3399
22
4746
2147
2370
4248
3510
461
3732
519
2368
4358
1570
3833
1326
1698
4002
1996
1646
838
1079
3799
3702
744
4929
2032
4284
4483
4128
1290
193
4798
2059
1982
2434
1421
3736
909
2199
3413
470
2568
1248
3804
4667
1479
1497
3183
3773
2792
1437
1757
4236
623
3342
598
1907
2959
1959
1444
4324
807
1356
4640
315
2609
4077
4201
2228
2362
3779
840
3007
2623
3607
65
608
706
2944
3518
397
4330
4263
2906
3798
2186
4573
1002
529
231
1230
2251
1879
3717
3460
4744
3272
3128
786
673
470
3588
1394
1815
2638
2164
920
4036
1068
1883
4741
4990
3236
2024
4898
510
4918
1920
3699
2894
1686
2338
1255
4902
4970
2355
294
567
2261
1561
830
985
1664
2842
2984
2308
4169
1106
716
4908
846
4580
3457
2021
3293
4980
2087
3127
1386
4394
785
4309
4319
4964
4548
187
948
1832
1830
4961
4270
4851
2921
3306
2845
3699
3111
2839
3360
3333
3716
2675
1375
960
182
112
4319
9
4294
3092
2750
1360
4485
1339
4580
4504
3435
1363
1614
2161
2104
4519
972
3251
4187
3657
783
2053
3042
2600
4565
453
2284
1643
3535
2169
3709
403
4255
1319
4300
46
1460
2504
854
3712
1411
4154
4162
1547
3433
4021
3512
4941
2167
3024
3087
4977
2420
3075
214
2474
4031
2621
1009
1939
2363
1451
2412
2147
1305
3629
339
4088
589
1298
3272
3517
253
2715
3785
273
4367
4343
1929
3073
4294
3043
1447
1894
113
2131
4948
329
4141
1628
4371
352
2368
4417
4433
245
2593
2052
2909
1879
768
4356
2010
857
2864
3366
2366
679
4803
777
978
3047
2894
2918
1735
2050
633
3844
1185
115
2591
1993
2000
4734
2162
3420
4784
1088
2746
3464
4919
2231
4056
1551
42
1269
2042
221
4612
577
3957
3562
1351
1915
417
221
4732
930
163
264
4823
1869
3673
2629
3675
3162
481
633
3072
418
1048
1826
782
825
3748
1386
4852
3899
1082
3087
4404
4053
1977
2386
356
764
3525
3294
2580
2871
3223
4902
1543
4666
3318
4053
317
703
2764
89
4479
72
777
854
3726
1848
3213
4871
1286
3283
345
3647
2556
4844
3734
4212
2692
3552
2515
1191
1505
3162
326
438
831
225
984
4839
3533
4427
2043
1009
1511
1633
122
1907
1822
3096
3615
2163
4023
4495
1062
4549
1580
1839
3089
537
2440
1406
521
3511
2441
3514
3894
586
235
4124
1711
3803
2023
2409
3267
4640
2042
1713
4473
4513
866
2215
2185
1399
3142
3049
1062
1340
1651
4495
664
4074
3829
674
4910
2027
4440
3030
3648
443
1870
2166
2455
1030
2041
4359
1262
12
1054
351
3885
1880
793
414
4921
3052
1157
2045
1808
3204
3379
3363
4546
732
2092
2202
559
2201
377
3504
3352
2465
1069
4145
3005
4673
3093
1785
242
4662
3085
2557
1609
1054
4056
1626
1084
4756
4779
764
2073
1384
3959
4288
321
1861
1276
3735
613
2122
3013
2698
2429
4017
647
1016
4909
4346
1166
4842
2690
492
2305
362
215
2778
4762
2743
126
2534
4488
67
1094
2545
3735
2717
125
1399
2690
3717
536
1735
695
2332
4793
594
2437
1956
4515
3758
1046
65
1786
2173
4119
4605
589
3086
3205
2035
2316
4515
2932
2724
3770
2269
2692
351
4228
2975
708
888
1200
4698
3955
928
3668
565
117
1505
2865
2876
2775
2856
4806
3406
4846
2879
3163
571
1123
1545
2942
4394
4902
481
4981
4992
3261
931
2598
4578
4696
1570
2992
3256
2752
2262
1667
3115
2153
631
2110
4405
531
2504
1386
3710
3303
1451
468
3690
2744
1716
1141
4466
4151
4441
4597
1623
4275
427
1265
3119
3116
1577
1964
2070
1131
3135
419
1889
4865
2332
4374
1131
3822
3471
3299
1089
1794
3621
2381
7
4765
1054
773
2290
510
2335
4088
3799
3940
2777
1816
3345
1375
329
1509
2769
4045
4895
2522
3305
966
4767
1704
3496
2550
87
4230
1547
2626
2380
2443
2230
3631
2419
3611
4314
1391
3189
3936
2841
1141
1488
2964
685
3954
1738
2297
3218
3088
2284
3330
4480
3809
2526
1079
2173
614
3763
878
734
2324
4865
2448
4517
4231
2653
1297
904
2540
1027
716
4370
2077
68
3066
1345
3923
4890
4223
4901
128
1581
2044
2720
1119
2009
4700
1775
4109
2342
2500
2416
59
3942
1314
3857
4789
1335
3998
1632
4214
192
885
488
459
2436
1857
1889
4182
1985
2818
387
2996
1412
2087
1320
168
1312
590
3204
3502
2029
194
1860
550
1506
2642
985
1191
2679
3890
2149
4976
1802
1374
2072
4346
703
227
440
2808
3649
4951
627
595
4268
4601
1243
931
2820
47
4229
2279
582
2689
4800
1022
2941
3987
2016
250
37
4213
1111
2229
580
3385
4350
1769
3541
684
4549
1603
2168
2662
2254
2486
2473
984
1053
1337
125
989
4586
4667
339
3802
1583
1075
3228
4129
422
1382
1482
4865
3448
1001
1771
779
3858
3385
389
1146
2161
798
1137
3621
3799
20
644
4427
56
4406
4410
222
4995
3502
4959
2617
2776
3739
4841
4806
4244
3989
935
3280
435
999
2439
3800
840
882
1551
205
1562
1793
3636
3442
4358
4930
1212
2809
447
2143
1330
1685
3444
3111
4814
3392
3287
1654
4065
1227
2727
4611
522
1655
1310
2215
4683
4850
2956
2832
858
430
4862
455
568
1777
2082
892
3515
1970
3967
2249
1362
3809
3901
3686
4644
3591
4067
4738
2096
1220
218
1574
1114
2681
2855
4669
2244
2814
756
2964
559
2064
721
1944
1305
321
3145
3857
4901
4819
1723
3348
2858
1982
4109
1400
687
3729
1844
4299
1573
373
4599
3661
3563
2471
3258
1180
1964
4959
2434
3475
2180
457
915
2454
222
3103
3876
4349
346
4104
3019
4886
4693
1967
1268
2739
3131
4442
835
2744
3609
4348
1320
1743
3282
1294
1317
3427
2492
3800
1922
1792
220
2953
4396
3013
321
4270
1171
3122
674
4212
1428
4919
1059
3271
3778
526
3235
3951
2285
3464
4058
4985
2716
1790
3201
2976
495
3125
3998
3594
2023
1142
869
239
4276
3146
3011
3160
696
189
1514
1660
3120
1271
1853
1967
3246
1135
4782
4053
1306
3933
2688
3880
164
4889
4585
2075
3408
2123
2781
4875
4774
985
2227
1832
2374
2915
1352
1541
4827
4357
3271
3197
2766
619
1341
807
2789
626
3697
770
2495
395
440
917
3959
3374
4320
3354
938
2793
420
2593
3022
1661
210
1004
3534
408
4724
2189
1575
1878
3556
4818
2679
2770
3721
2794
3791
660
576
4201
2932
556
4250
4078
4419
732
1956
4865
4990
3983
3416
1452
1201
3590
3081
698
1251
2504
2010
4607
1030
1424
1888
3748
4325
4208
3581
912
384
692
2786
99
4443
2261
2669
1888
3703
2053
986
4345
3243
835
449
1614
1159
4736
2323
4048
4894
2504
430
4691
3095
2091
3064
506
72
4938
4745
4554
1400
1941
1035
84
1605
332
4203
1687
2633
91
2644
394
198
3134
276
2440
3347
976
4677
1387
250
4343
3281
71
472
2793
760
4401
574
1022
111
966
3122
3253
4622
981
1929
34
1753
2239
1622
2902
571
1044
3064
3812
681
4861
3185
1917
4171
3960
577
1579
1555
549
212
1386
4614
3871
3403
4212
2227
4638
1128
4567
1375
553
2696
4670
566
1896
3488
415
536
1830
1681
2294
4217
797
2820
1998
2146
1716
3142
1853
3787
3164
643
1339
648
204
4331
1094
4878
1726
4915
1025
4404
746
2303
1687
4013
747
887
862
3269
2467
4740
3859
3193
519
3639
997
1480
730
4184
1062
3054
2205
4262
1855
3323
4198
4397
4217
3199
1117
69
1599
700
1656
1911
4553
667
3373
1131
2509
29
3561
519
108
512
284
325
4394
494
3164
2683
352
2474
3769
1487
933
3856
1755
1066
1415
3637
4983
2031
3016
171
667
1381
1757
4592
2027
480
2697
3788
2547
2796
2257
3440
2031
839
1730
1278
3780
2035
3700
632
3118
2041
2696
2471
4221
4222
4232
995
4294
3833
2683
3650
4001
2174
2474
2105
3045
2686
4281
1909
291
2732
2283
2589
2306
2093
3449
1207
1420
4510
1770
4335
3554
718
864
4090
199
4001
2854
3374
4060
4976
3850
2717
951
32
3439
4077
1554
2859
4935
3474
4757
509
1726
2484
934
3149
980
3769
1111
2706
2635
161
4348
1519
1579
36
2157
2891
2838
522
3158
2580
2210
807
4258
745
2353
3873
1871
1007
1082
118
3969
3504
1105
4632
3249
2831
2729
4711
4238
250
3338
467
3582
4902
2869
4271
1983
224
2183
2797
931
3569
4333
4973
2167
3921
3233
1122
4492
4305
1985
985
4826
1292
2936
4513
3363
2253
2731
1427
3345
99
3907
2127
2515
217
1626
4573
3142
2231
2540
1888
658
2116
2850
3455
2848
1451
2952
3481
2847
677
3947
2901
4967
1492
3823
4779
1159
4012
3209
681
3248
3445
2464
2444
3594
2279
2886
891
438
1286
746
2282
2688
3664
83
909
2842
3398
3845
261
3369
2348
3845
2985
3641
1183
4374
4700
2302
1894
3019
2831
2758
3928
4885
3460
4198
3859
3542
364
3310
4415
1364
862
1799
211
102
42
2415
4337
2684
662
109
4966
4043
3194
895
3089
3442
2236
1356
134
1303
3552
1219
2626
3771
3761
4006
2959
4311
4203
3349
2914
2173
3221
3184
4173
4841
4603
4560
3021
1681
2238
4984
2021
2596
4026
2206
3630
3616
1593
3044
3995
1271
3109
1923
1768
2401
421
171
4765
4922
2619
1786
420
3447
1150
3786
2356
4412
715
1596
3534
3845
436
1413
514
3394
4821
2327
613
3444
453
1200
546
4703
1744
517
416
1922
1275
4946
2160
4816
2686
2307
3600
2662
1532
3502
2479
4594
3912
3351
3440
3432
2983
3936
3920
4136
2503
4476
20
4291
105
2795
3157
1608
928
2431
2330
4720
2105
372
4292
1471
1917
3612
4951
2017
3588
1243
437
365
1869
989
2261
3110
2384
887
2527
2860
808
846
2890
1183
2358
482
242
3110
1986
2663
1975
4594
4930
2521
4006
4458
3418
3536
2389
4413
4080
1321
221
4831
1523
1928
3465
1540
1592
3064
1550
3742
1036
127
398
4438
4323
1218
4421
4498
1842
2680
1224
109
1550
1339
4048
3250
4377
428
1147
2488
4582
1669
943
4236
1574
620
73
2797
3122
1343
3480
4592
4539
4278
2249
314
1792
682
611
1263
3183
1306
4300
1387
2291
1739
1592
3665
3262
1815
4534
3179
2011
483
3170
4394
206
581
2149
4407
2658
4514
2067
4167
2745
3384
3945
2396
4009
2848
2026
1399
108
1585
2837
3482
2453
3556
2723
3121
1524
440
967
494
1347
395
2361
2609
1913
151
1260
764
1827
1973
1041
957
3443
4206
4292
1261
3911
2541
2745
4354
911
2383
2254
3486
1900
2906
3329
2450
2480
4423
4641
4185
3147
222
327
2946
1210
2343
2177
1898
3211
3228
1670
4163
977
3670
1323
4376
4959
1543
1681
235
1838
4587
3861
1322
4002
814
553
113
640
4402
4750
1818
3521
780
2715
1532
1964
4596
2819
749
1942
4273
1143
2067
4826
1698
2875
81
3159
4945
858
3638
1453
2506
39
4169
1198
2966
1222
1587
4595
2721
3310
910
4175
1600
1412
164
3531
4566
326
4755
768
3017
3978
1512
256
3261
1588
2385
2753
162
4240
2698
1956
1577
1373
4891
711
917
4342
336
1135
564
819
2791
4051
4752
1280
3779
536
370
1941
735
3755
117
619
2681
1828
3208
260
2724
4308
3409
3158
793
2862
745
3968
2656
3354
359
2960
1328
2431
4460
3664
2181
3646
2547
2038
3492
894
2075
1574
3455
2287
3941
2077
4573
396
2048
799
2087
1733
115
1942
3538
3139
1226
3717
2548
4147
2827
1604
804
3547
2924
3024
3528
4175
4164
2450
3519
4831
1033
3543
2249
1802
4955
3117
3575
920
4313
2977
1950
3063
4267
876
1010
2152
1389
177
2355
27
4526
3647
3996
2233
288
85
3109
310
357
3784
2236
3321
2937
4072
3061
4180
1832
677
3369
4971
1211
3116
3891
3103
1152
2454
3772
3664
2173
4282
4330
586
1495
4005
3807
3883
4211
3715
1998
4533
3540
2796
4645
1465
4149
1793
73
735
577
390
1511
2727
2969
1813
4436
3738
2354
4236
3665
3006
648
1177
118
1391
1011
4808
3328
1625
4551
2912
2480
66
2861
1503
4307
2613
53
3519
4649
2935
3197
151
2574
4702
4978
1067
4673
3109
2748
2157
400
2104
4449
543
1421
1677
3509
14
680
3117
2554
3341
868
841
1572
3025
4329
1449
2401
1608
2555
4262
515
2642
6
942
1003
2980
3326
1109
4744
951
1685
883
866
841
937
4556
842
846
1608
3584
2085
1015
4527
2305
987
3828
1046
743
1239
2104
2645
3641
4384
2209
1377
571
2597
4049
1310
2691
3692
4498
4443
3136
3079
3140
2102
1784
1707
3095
1000
573
1609
4784
2823
183
996
352
542
3756
2396
3718
3185
3397
3453
737
2256
1838
4782
4216
3199
3581
1038
4241
1208
3571
1606
1842
2083
4862
4146
4569
3089
3710
482
1686
1824
3817
3137
2461
682
4865
4549
4560
3342
3063
3353
3148
4748
3478
1575
597
4233
3859
24
4740
2964
3751
3222
2619
1374
4869
3342
4643
1970
4196
2147
3406
1021
4657
886
1660
1740
989
228
349
1597
3522
1272
2292
541
2041
4540
604
4056
3032
2567
1274
2261
2956
2864
3423
483
4628
2205
4653
1971
4113
4352
3806
3335
2114
4735
2387
1625
130
3162
4882
4291
1886
572
2070
3315
3376
3065
804
2918
472
4433
3144
1578
4876
3838
1090
28
79
1842
1408
4124
2188
4854
594
3441
202
984
1463
229
4385
4145
4382
4107
1218
1335
1768
2233
4348
106
35
1399
3829
4339
403
3216
4538
756
3540
142
3917
1691
4006
4875
2016
4211
4605
178
2681
4425
3936
1080
3323
693
424
1017
2851
2154
1231
798
1425
2017
34
1676
3128
4168
3437
3043
534
2561
3550
4676
3095
2326
3389
922
1863
1671
1300
1793
3326
1232
2697
339
3501
2005
2835
1461
2630
396
578
1332
4386
2078
4800
1205
2271
3057
3266
1375
422
3550
293
3795
905
4000
619
3531
1503
2351
4014
1446
3576
3214
4602
2294
942
1211
4982
4760
3066
3613
2721
4126
2542
2121
273
2501
1349
2391
3269
1870
2881
992
2975
1417
644
535
4996
310
3917
440
103
2409
2694
1655
826
92
3507
3416
1176
3858
136
4247
4024
3291
3555
4163
743
2377
2305
1555
2209
3045
1238
3903
2673
2552
1095
3815
2953
2138
1955
2536
3217
1402
3016
3908
2476
216
545
2120
1841
2257
3944
4144
4558
4173
4519
4248
610
4991
3037
4675
3180
715
534
630
3177
1841
3711
3048
198
4422
3118
3286
1144
2146
3725
3709
203
1702
907
1283
3692
3616
2719
3608
836
4150
4267
519
3088
1073
4741
4025
1292
457
4768
3483
3846
4305
2212
2050
716
1407
3845
3589
4189
4799
4106
1757
4596
3787
595
3086
2809
3756
2178
4487
3663
4669
468
2014
3712
17
4125
3011
2583
354
3537
1235
3709
3100
4871
2918
3117
2283
3242
2734
557
4602
2413
1430
2679
4380
2136
4738
1329
361
2049
2358
2317
2917
3116
2859
677
4666
4465
849
2926
931
1182
3102
1183
1720
1880
4998
3276
4418
356
4053
1852
4326
1661
3125
545
3604
1359
630
2536
595
539
2384
62
404
3187
3592
296
725
1652
4589
4571
4041
3359
1008
3208
3453
2955
2005
3134
794
4591
453
20
1888
3527
4771
2769
20
3196
4751
1519
2100
3683
4181
4917
3914
624
2321
4791
1825
1800
927
1470
1932
2203
4866
2032
2470
1835
2827
2393
1274
2194
113
1787
2454
4704
322
901
2289
406
1810
3168
1820
402
4995
4948
2655
3566
4781
4099
1407
3190
1244
1408
3981
837
3854
1783
3600
3951
1152
130
3126
3337
3236
4387
2818
612
3880
911
3384
2989
3088
4169
1566
3789
4522
1103
1769
2352
1193
3313
589
3647
2635
2715
1983
850
3735
3117
3741
4980
4252
3597
2717
270
723
3768
2707
2027
4174
2191
4125
1561
3851
3728
3218
3993
4900
4009
3454
4559
764
3527
4360
1867
4521
1371
4662
3514
540
710
3058
530
612
4610
4942
3191
2999
603
4784
3987
2397
3901
4811
884
2092
2174
4171
352
1703
1254
320
2136
2949
3312
3957
438
4716
217
1115
2073
4229
2482
3051
342
745
1973
1941
337
4299
3570
3333
3280
3891
1018
129
4858
588
551
3645
4691
4227
3055
2630
309
1513
625
3945
4716
1189
3557
1778
1503
4851
3802
2054
3124
2118
4813
1710
752
2942
4265
4608
2817
1782
412
2455
2069
1698
1501
3334
4877
1875
2978
3398
3595
3588
1147
308
530
1100
4626
175
582
2642
4260
1418
3677
1646
4491
4995
955
29
1170
1094
2832
4891
2469
4760
4129
4328
2560
919
1552
1469
897
4231
1242
1784
2079
561
428
4218
3021
258
689
3604
4272
632
2830
2834
1337
4459
4693
1006
4127
3470
3799
3292
3111
1124
3363
2274
59
3297
3230
878
3188
3096
3916
4770
3788
2789
3908
4606
2123
3476
2831
2047
1802
1626
1920
3928
2355
3828
369
3393
4489
1254
1716
4874
981
2776
4202
4073
4038
308
3614
2943
63
696
4282
3914
3558
1770
23
4656
2813
2450
2461
4217
2277
2833
754
4344
3705
915
1071
1971
588
3
1958
1668
4997
143
616
261
369
3204
4178
3828
3161
1376
234
916
219
3766
3936
1057
103
4998
1432
3987
2008
2323
2715
3039
4659
4201
189
4473
1262
372
4305
1442
1591
2057
4905
2303
3583
921
3449
1545
3730
4962
1456
892
2964
1400
1568
3750
686
1290
3357
198
4294
4602
55
3963
4415
4493
2437
1459
3444
2752
1176
176
1318
3833
4157
4691
2343
2991
2074
2612
2663
2151
856
6
2719
4782
1253
1991
1814
4971
3192
4570
4733
25
2225
2198
4887
3487
4218
719
2928
645
4843
2427
572
575
2889
250
1729
3837
1308
4535
4888
2689
746
3470
3056
523
1548
3120
1717
3870
1327
2045
1850
2534
1836
4326
3167
4257
4143
1706
1540
2268
1662
996
3830
4906
884
3031
2898
575
1524
4204
4809
88
4233
4775
3983
1528
3869
1809
3692
1091
331
1794
495
2866
260
3028
508
3888
4054
1876
4281
625
3808
4934
1237
3212
2990
3105
1882
4727
2526
4184
2101
1077
1272
1039
3529
2679
4697
2874
261
1366
4650
3364
4308
1068
565
3181
2767
2979
2358
1864
402
2649
2930
79
1497
1266
4862
126
4061
2708
4767
1809
3972
3279
2737
4681
1556
252
696
916
2480
972
4447
4324
4801
1175
4757
4571
2071
2860
3821
3237
4394
4523
3578
4318
137
1280
4509
3645
171
4956
174
3049
4117
2652
2259
863
3382
1779
367
328
4168
947
2047
1223
3975
2462
3462
4388
2572
3731
1189
2811
2376
3384
2633
4099
3032
4042
667
2572
891
4147
358
2575
2075
2248
1288
688
643
2036
4424
2433
117
3077
1587
449
2438
1301
4235
4192
4209
760
4754
2411
End